0.003756
0.003788
0.003765
0.003831
0.003764
0.003768
0.003798
0.003828
0.00384
0.003792
0.003765
0.003762
0.003775
0.003785
0.003804
0.00377
0.003762
0.00387
0.003772
0.003801
0.003778
0.003826
0.003773
0.003757
0.003765
0.003762
0.003776
0.003778
0.003771
0.003773
0.003791
0.0038
0.003776
0.003756
0.003864
0.003903
0.003785
0.003786
0.00379
0.003779
0.002542
0.003774
0.003762
0.003748
0.003763
0.003773
0.003773
0.003768
0.003832
0.003776
0.00376
0.003766
0.003766
0.003799
0.003768
0.003775
0.003759
0.003835
0.003777
0.003763
0.003786
0.003781
0.003765
0.003765
0.003777
0.003778
0.003798
0.003781
0.003779
0.003753
0.003788
0.003778
0.003791
0.003777
0.003748
0.003788
0.003822
0.003764
0.003794
0.004227
0.003769
0.00381
0.003775
0.003748
0.003757
0.003771
0.003806
0.003785
0.003743
0.003822
0.003763
0.00379
0.003779
0.003788
0.003764
0.003807
0.003787
0.003778
0.003841
0.00378
0.003768
0.003781
0.003783
0.003821
0.003785
0.003763
0.003777
0.003774
0.003746
0.003747
0.003823
0.003752
0.00376
0.003763
0.003758
0.003895
0.003792
0.003767
0.003708
0.003788
0.003747
0.003771
0.003772
0.003762
0.003771
0.003756
0.003863
0.003756
0.003765
0.003767
0.003824
0.004221
0.00377
0.003775
0.003764
0.003767
0.00376
0.003835
0.003759
0.003757
0.003858
0.00383
0.003858
0.003834
0.003792
0.003789
0.0038
0.003796
0.003781
0.003755
0.003789
0.003772
0.003772
0.003849
0.003753
0.003757
0.003773
0.003752
0.003861
0.003744
0.003767
0.003756
0.003776
0.003791
0.003764
0.003782
0.003775
0.003837
0.003831
0.003834
0.00377
0.003764
0.003801
0.003777
0.003767
0.00375
0.00376
0.003778
0.003747
0.003745
0.003766
0.003748
0.003781
0.00424
0.003773
0.003791
0.003764
0.003761
0.003787
0.003758
0.00386
0.003788
0.003784
0.003789
0.003776
0.003834
0.003819
0.003797
0.003744
0.003757
0.00377
0.003757
0.00373
0.003769
0.003761
0.003759
0.00377
0.003746
0.003815
0.003736
0.003768
0.00378
0.003787
0.003831
0.003758
0.003776
0.003765
0.003767
0.003786
0.003762
0.003751
0.003777
0.003782
0.003865
0.003792
0.003848
0.003751
0.003767
0.003751
0.003772
0.00375
0.003771
0.003774
0.003783
0.003776
0.003866
0.00426
0.003782
0.003792
0.003857
0.003756
0.003775
0.003785
0.003785
0.003813
0.003774
0.003729
0.003764
0.003838
0.003848
0.003768
0.00374
0.003874
0.003754
0.003769
0.003785
0.003768
0.003774
0.003784
0.003789
0.003768
0.0038
0.003771
0.003783
0.003748
0.003754
0.003794
0.003849
0.003793
0.003788
0.003787
0.00378
0.003781
0.003778
0.003766
0.003847
0.003754
0.003791
0.003786
0.003852
0.003767
0.003769
0.003791
0.003768
0.003794
0.003787
0.00375
0.003822
0.004147
0.003773
0.002092
0.003777
0.003779
0.003776
0.003876
0.003743
0.003781
0.003776
0.003775
0.003774
0.003773
0.003769
0.003774
0.003796
0.003871
0.003772
0.003788
0.003826
0.00377
0.003776
0.003762
0.003779
0.003748
0.003765
0.003784
0.003775
0.003748
0.003776
0.003777
0.003753
0.003784
0.003776
0.00378
0.003785
0.003767
0.003776
0.003799
0.003763
0.003799
0.003775
0.003826
0.003764
0.003774
0.003747
0.003832
0.00377
0.00378
0.003748
0.003786
0.003746
0.004236
0.003772
0.003753
0.003794
0.00377
0.003776
0.003779
0.00377
0.003799
0.00387
0.003756
0.003824
0.003779
0.003784
0.00376
0.003752
0.003825
0.003766
0.003785
0.003787
0.003779
0.003753
0.003816
0.003785
0.003781
0.003745
0.00378
0.003783
0.00377
0.00377
0.00378
0.00379
0.003791
0.003797
0.003762
0.003761
0.003828
0.003766
0.003806
0.003769
0.003767
0.003828
0.004691
0.00376
0.003786
0.00376
0.003909
0.003752
0.00378
0.003847
0.003759
0.003753
0.004239
0.003759
0.003774
0.003806
0.003773
0.003791
0.00378
0.003846
0.003789
0.003779
0.003755
0.003844
0.00387
0.00378
0.003764
0.003781
0.003743
0.003882
0.003819
0.003736
0.003759
0.003786
0.003773
0.003762
0.003761
0.003837
0.003756
0.0038
0.003801
0.003766
0.003804
0.003784
0.003774
0.003791
0.003785
0.003782
0.003789
0.00379
0.003805
0.003756
0.003774
0.003753
0.003762
0.003772
0.003811
0.003778
0.003777
0.003756
0.003789
0.003747
0.003783
0.003826
0.004112
0.003897
0.003788
0.003823
0.003776
0.003765
0.003754
0.003856
0.003767
0.003771
0.003767
0.003787
0.003755
0.003779
0.003839
0.00376
0.003758
0.003769
0.003754
0.00385
0.003769
0.003752
0.003773
0.003769
0.003774
0.003777
0.003861
0.003771
0.003787
0.003779
0.003762
0.003774
0.00378
0.003775
0.003759
0.003794
0.003763
0.003797
0.003767
0.003764
0.003768
0.003814
0.003761
0.003787
0.003756
0.003843
0.003852
0.003779
0.003783
0.003776
0.003795
0.003808
0.003768
0.004282
0.003855
0.003831
0.003804
0.003777
0.00378
0.003787
0.003772
0.003757
0.003764
0.003764
0.003796
0.003772
0.003821
0.003794
0.003773
0.003761
0.003797
0.003783
0.003828
0.003786
0.003808
0.003779
0.004315
0.003804
0.003831
0.003759
0.00427
0.003818
0.003775
0.003792
0.003774
0.003766
0.003777
0.00376
0.003772
0.00379
0.003764
0.003853
0.003762
0.003761
0.003758
0.003862
0.003742
0.00376
0.003815
0.003752
0.00377
0.00376
0.003766
0.00377
0.003764
0.003842
0.003769
0.003772
0.003832
0.003759
0.003763
0.003758
0.00378
0.003778
0.003757
0.003769
0.003767
0.003777
0.003834
0.003766
0.003773
0.003764
0.003828
0.003778
0.003794
0.003787
0.003838
0.003794
0.003788
0.003797
0.003767
0.003765
0.00385
0.003786
0.003751
0.003827
0.00379
0.003751
0.003748
0.003771
0.003778
0.003764
0.00374
0.00374
0.003794
0.003784
0.003808
0.003831
0.003781
0.003758
0.003839
0.003786
0.003775
0.003816
0.003783
0.003758
0.003764
0.00423
0.003785
0.003784
0.003791
0.003784
0.003815
0.003784
0.003726
0.003777
0.002998
0.003807
0.003775
0.003766
0.003746
0.003789
0.003786
0.003773
0.00379
0.00376
0.00378
0.003818
0.003766
0.003894
0.003782
0.00377
0.003719
0.00376
0.003776
0.003765
0.003767
0.003866
0.003774
0.003785
0.00385
0.003787
0.003791
0.00378
0.00378
0.003791
0.003794
0.003746
0.003748
0.003773
0.003877
0.003816
0.003757
0.003768
0.003825
0.003754
0.003806
0.00374
0.003791
0.00428
0.003772
0.003744
0.003802
0.003753
0.003859
0.003942
0.003789
0.003844
0.003771
0.003788
0.003798
0.003756
0.003788
0.003776
0.003771
0.003756
0.003775
0.003852
0.003784
0.003772
0.003762
0.00376
0.003816
0.003836
0.003766
0.003787
0.003748
0.003768
0.00377
0.003804
0.003775
0.003803
0.003839
0.003764
0.00386
0.003767
0.003787
0.00379
0.003771
0.003763
0.003773
0.003762
0.00377
0.003749
0.003882
0.003764
0.003746
0.00377
0.003791
0.003823
0.003826
0.00425
0.003758
0.003797
0.003757
0.003778
0.003796
0.003761
0.00377
0.003845
0.003779
0.003753
0.003835
0.003765
0.003769
0.003789
0.003762
0.003771
0.003785
0.003784
0.003777
0.003859
0.003754
0.003864
0.003783
0.003774
0.003857
0.003788
0.00377
0.003774
0.003777
0.003755
0.003753
0.003742
0.003801
0.00378
0.003829
0.003769
0.003768
0.003847
0.003772
0.003775
0.00377
0.003747
0.003768
0.003781
0.003758
0.003774
0.003753
0.003751
0.003773
0.003771
0.003841
0.003934
0.003777
0.00376
0.003762
0.003795
0.003795
0.003762
0.003757
0.003754
0.003766
0.003817
0.003744
0.003758
0.003828
0.003765
0.003772
0.003763
0.003764
0.003784
0.00378
0.003784
0.003858
0.00381
0.003794
0.003775
0.003775
0.003743
0.003857
0.003843
0.003753
0.003795
0.003759
0.003759
0.003769
0.003753
0.003753
0.003758
0.003752
0.003823
0.003788
0.003778
0.003877
0.003767
0.003765
0.00384
0.003771
0.003788
0.003779
0.003902
0.003789
0.003779
0.003833
0.003767
0.004237
0.003784
0.003826
0.003798
0.00377
0.003768
0.003772
0.003769
0.003767
0.003731
0.003777
0.003756
0.003825
0.003757
0.003799
0.003767
0.003773
0.003784
0.003807
0.003791
0.003798
0.003768
0.003844
0.003779
0.003769
0.003845
0.003765
0.003932
0.003757
0.003774
0.003754
0.003762
0.003761
0.003739
0.003743
0.003763
0.003764
0.003756
0.003766
0.003777
0.003818
0.003775
0.003799
0.003839
0.003787
0.003796
0.003752
0.003788
0.003776
0.003745
0.003749
0.003748
0.004244
0.003781
0.003761
0.003788
0.003881
0.003768
0.003771
0.003783
0.003749
0.003779
0.003773
0.003779
0.003803
0.003762
0.003846
0.003803
0.003792
0.003837
0.003766
0.00379
0.003718
0.003744
0.003753
0.003803
0.003771
0.003801
0.003772
0.003837
0.003842
0.003736
0.003751
0.003759
0.003842
0.003791
0.00377
0.003763
0.003785
0.003781
0.003779
0.003778
0.003801
0.003779
0.003822
0.003766
0.003764
0.003867
0.003781
0.003773
0.003744
0.003733
0.003879
0.003762
0.003775
0.003788
0.003775
0.003843
0.003777
0.003773
0.003797
0.003834
0.003778
0.003763
0.003781
0.003763
0.003796
0.003784
0.00376
0.003769
0.003779
0.003741
0.003765
0.003782
0.003775
0.003748
0.003781
0.003752
0.003756
0.003869
0.003787
0.003775
0.003771
0.00379
0.003758
0.003776
0.003789
0.003782
0.003812
0.003766
0.003841
0.0038
0.003765
0.00378
0.003786
0.003769
0.003791
0.003762
0.003855
0.003788
0.003751
0.00386
0.003772
0.003777
0.003796
0.003797
0.004341
0.003767
0.003777
0.003767
0.00388
0.003839
0.003752
0.003771
0.003786
0.003752
0.003846
0.003768
0.003787
0.003796
0.003802
0.003796
0.003759
0.003759
0.003741
0.003773
0.003761
0.003786
0.003778
0.003784
0.003749
0.003766
0.003824
0.003772
0.003791
0.003756
0.003769
0.00377
0.003843
0.003767
0.003767
0.003731
0.003769
0.003853
0.003742
0.003796
0.003773
0.003777
0.003762
0.003768
0.003773
0.003776
0.003778
0.003757
0.00383
0.003781
0.003834
0.003781
0.003771
0.00436
0.003779
0.003788
0.003785
0.003785
0.003903
0.003789
0.003773
0.003773
0.003766
0.003782
0.003835
0.003756
0.003754
0.003767
0.003744
0.003775
0.00378
0.003791
0.003791
0.003773
0.003774
0.003799
0.003793
0.003822
0.00376
0.003794
0.00377
0.003772
0.003764
0.003772
0.003812
0.003848
0.003755
0.003762
0.003748
0.003756
0.003753
0.003817
0.003776
0.003759
0.003805
0.003771
0.00378
0.003778
0.003784
0.003799
0.00378
0.003765
0.003769
0.003787
0.003811
0.004239
0.003841
0.003774
0.003785
0.003804
0.003773
0.003824
0.003775
0.003757
0.003738
0.003765
0.003752
0.003776
0.003771
0.003845
0.003766
0.003775
0.00377
0.003796
0.00376
0.003771
0.003767
0.003771
0.003745
0.003759
0.003766
0.003851
0.003752
0.003854
0.003762
0.003754
0.003768
0.003807
0.003766
0.00379
0.00379
0.003784
0.003763
0.003794
0.003761
0.003791
0.003837
0.003767
0.003759
0.003748
0.00377
0.003751
0.003764
0.003813
0.003769
0.003747
0.003781
0.004225
0.003827
0.003759
0.003742
0.003791
0.003772
0.003773
0.00379
0.003833
0.00377
0.003768
0.003782
0.003788
0.003766
0.003759
0.003783
0.003778
0.003791
0.003755
0.003753
0.003753
0.003801
0.003773
0.003762
0.003751
0.003762
0.003754
0.003835
0.003765
0.003781
0.003775
0.003767
0.003783
0.003789
0.003834
0.003835
0.0038
0.003798
0.003774
0.00382
0.003779
0.003768
0.00376
0.003772
0.004855
0.003772
0.003756
0.003769
0.003811
0.003777
0.00376
0.003772
0.004317
0.00384
0.003771
0.00375
0.003857
0.00373
0.003765
0.003761
0.003765
0.00389
0.003754
0.003761
0.003773
0.003766
0.003857
0.00379
0.003767
0.003761
0.003851
0.00374
0.003756
0.003765
0.003752
0.003775
0.003761
0.003747
0.003776
0.00377
0.003786
0.003786
0.003807
0.003767
0.003785
0.003859
0.003806
0.00379
0.003908
0.00379
0.003774
0.003757
0.00378
0.003783
0.003813
0.003772
0.003778
0.003789
0.003819
0.003766
0.003785
0.003779
0.003749
0.003753
0.003764
0.003762
0.003778
0.003784
0.003768
0.003783
0.003839
0.003814
0.003767
0.003802
0.003849
0.00378
0.003765
0.003768
0.003789
0.003787
0.003792
0.003774
0.003764
0.003776
0.00376
0.00386
0.003765
0.003784
0.00378
0.003777
0.003785
0.003796
0.003792
0.00379
0.003787
0.003849
0.003797
0.00376
0.003814
0.003783
0.003764
0.003833
0.003803
0.003775
0.003785
0.003763
0.003761
0.003773
0.003768
0.003768
0.003768
0.003791
0.003844
0.003772
0.003774
0.003804
0.003959
0.004065
0.003821
0.00378
0.003774
0.003796
0.003799
0.00384
0.003775
0.003844
0.003767
0.00378
0.003755
0.003778
0.003744
0.003756
0.003752
0.003741
0.003766
0.003842
0.003761
0.003792
0.003783
0.003763
0.003795
0.003752
0.003797
0.003756
0.003811
0.003796
0.003773
0.003739
0.00377
0.003761
0.003806
0.003753
0.003756
0.003821
0.003764
0.003825
0.002751
0.00378
0.003748
0.003781
0.003762
0.003742
0.003771
0.003767
0.003778
0.003755
0.003782
0.003862
0.003759
0.004274
0.003795
0.003751
0.003752
0.003776
0.003755
0.003765
0.003764
0.00385
0.003773
0.003802
0.003845
0.003786
0.003842
0.003767
0.00377
0.003772
0.003767
0.003768
0.003738
0.003778
0.003865
0.003784
0.00377
0.003745
0.003848
0.003755
0.003776
0.003749
0.003769
0.003789
0.003789
0.003754
0.003758
0.0038
0.003834
0.003779
0.003776
0.00379
0.003799
0.003824
0.003779
0.003781
0.003757
0.003758
0.003761
0.003733
0.003771
0.003771
0.003836
0.003765
0.003776
0.004271
0.003843
0.00377
0.003773
0.003788
0.003823
0.00376
0.003792
0.001372
0.003751
0.00386
0.003741
0.003841
0.003775
0.003763
0.003773
0.003784
0.003779
0.003784
0.003769
0.003781
0.003772
0.003781
0.00379
0.003862
0.003767
0.003757
0.00376
0.003762
0.003808
0.003778
0.003764
0.003744
0.003768
0.003767
0.003778
0.003789
0.003872
0.003781
0.003845
0.003765
0.003832
0.003828
0.003783
0.003785
0.003776
0.003782
0.001633
0.003761
0.003774
0.003746
0.00377
0.003778
0.00377
0.004257
0.003808
0.003799
0.003762
0.003789
0.003779
0.003777
0.003769
0.003765
0.003763
0.003773
0.00377
0.003773
0.003753
0.003761
0.003868
0.00375
0.003775
0.003786
0.003774
0.003787
0.00378
0.003761
0.003793
0.003799
0.003801
0.003766
0.003761
0.003783
0.003784
0.00379
0.003751
0.003757
0.003783
0.003766
0.003756
0.003761
0.003774
0.003774
0.003766
0.00384
0.003789
0.003891
0.003826
0.003766
0.003765
0.003769
0.003815
0.003784
0.003758
0.003763
0.003798
0.004294
0.001983
0.00377
0.003775
0.003786
0.003828
0.003769
0.003793
0.003783
0.00377
